7230
3343
5515
7637
6071
6574
3431
7696
5598
7000
7113
4031
3711
4872
7932
4206
6622
5975
5099
7281
5284
5259
6258
7102
8162
7756
2030
6281
7395
7538
4408
5216
6444
3635
5366
3696
3992
4588
5787
5016
2866
4013
2977
2604
6049
2906
3603
3805
5635
3424
2559
4303
2107
3853
5276
2427
7573
8090
6481
4910
6517
6685
6462
7898
6578
4738
8015
2259
6008
5091
5054
4701
2246
5184
8040
7788
2885
6384
7299
3707
6803
2072
7069
4033
4295
3459
5721
7497
4773
3083
7110
7242
5412
2182
2297
4574
7511
8133
3916
2054
5529
4178
5175
3110
4228
3944
7670
7877
4731
6127
3371
6784
6142
2591
7101
4056
6918
2253
3576
5353
4802
3508
4583
2643
5202
5958
5056
2078
4930
2156
7919
7490
6385
2082
6574
7165
2466
3613
5428
5713
6850
4169
6315
3437
2572
7551
4014
2306
3097
7828
8138
2865
4100
2568
7124
4763
7693
6613
3123
4481
7188
7166
2568
4725
3361
5810
7052
3321
5921
4105
8000
4487
5196
5782
2307
3464
4116
5502
4935
5065
7880
3576
3045
5938
5547
2453
4819
6337
3878
7490
6163
4279
6045
7347
8069
4201
5225
2579
7088
8066
7857
8121
3941
4206
5271
2645
4132
2402
7536
7260
2419
2131
4259
6232
3851
2677
3422
2843
5950
6677
3141
7205
6151
3608
3261
2076
7024
2540
6369
7644
6306
2384
5338
3456
6192
4360
3532
3847
5989
4580
4526
5194
8079
7586
3354
6541
4884
5016
2878
6211
6860
7214
6714
3183
6607
7196
5267
5049
3761
6480
5432
2302
3474
6131
8067
5492
7795
3020
3322
5779
5654
3596
4751
2431
2125
3092
6364
2918
6686
5324
2235
3653
7918
2662
4117
4056
3995
7275
5465
7057
3070
4508
7047
3857
6241
2787
6518
5837
6685
5706
6907
7178
4480
2716
7483
3124
2429
2563
6314
4988
3643
7402
2717
4120
2859
3148
2389
7527
3660
7509
8125
2581
7569
2296
3262
8052
2798
2304
6465
3324
2159
4122
7501
2052
2066
5131
6057
2713
3421
6990
4012
2582
5219
3449
2251
4293
2739
4985
7492
5677
3889
5290
7152
2189
5273
7659
3645
3239
3514
5698
2421
4009
2840
3620
3441
3584
3356
3304
2019
2965
4431
2653
2722
5605
3188
7728
4335
7204
3118
2195
3936
4457
2115
2346
6426
4176
5055
5735
7820
7580
4603
3281
2434
7003
8080
2833
6151
7831
4471
2029
5143
3137
6146
5440
5524
7705
2640
4305
2967
8043
2709
5091
3489
2428
2880
7405
5659
7862
5618
5939
2827
3505
5859
3869
3287
3578
3527
2511
3839
7888
5977
6897
2414
3508
7951
7663
3785
2233
4270
2843
5684
3029
7759
5761
7105
4926
3674
6092
7466
2088
7026
3871
7393
3254
3554
3807
2006
5528
2758
7319
4001
5396
5821
5700
3216
7151
4389
6442
3731
7917
4359
2302
4326
8000
8172
2846
6687
6358
6433
7861
4968
6822
8039
7012
3735
5476
3735
2005
2077
6171
2108
6337
6852
7898
2856
2094
5669
2226
2868
2785
3432
3327
3658
5978
6036
7053
2285
5968
7226
2604
6932
6138
4821
4087
2578
7256
2221
5858
2730
2609
2797
4283
2809
3166
3561
4915
3052
2303
6364
6252
4188
7812
5185
5700
2935
6463
3160
5675
6625
3864
3771
6058
7163
5777
2417
6164
6290
3052
4171
3329
2211
7025
2830
2329
7454
6212
4584
6038
5320
8047
7462
6773
7846
6428
6669
3623
6534
3349
5112
4178
5416
2455
6250
2245
2958
4468
4020
7757
6952
2960
5393
5361
7426
6831
8175
2900
2266
4741
3361
2836
7717
5014
7827
2991
5833
3383
4486
5750
5544
7660
5613
2132
6379
4476
7551
5608
4333
7793
5526
3696
6970
7925
6814
3193
5040
7698
2938
6077
6725
4328
8188
6949
6545
7156
7459
5759
2133
2014
3890
7145
6132
6420
2183
8095
2657
3278
4809
3721
2745
2642
3070
5800
3042
3305
2979
6346
2125
7233
5125
2332
5344
2932
4144
7560
6118
4425
3062
5696
7395
6906
3754
6113
7411
4286
4982
5083
3794
5863
2050
3336
4730
6830
8093
4747
3832
